4
5.00000000 10.00000000 2.00000000
-6.00000000 -40.00000000 6.00000000
-10.00000000 70.00000000 0.00000000
8.00000000 20.00000000 -30.00000000
3
0
1000 960 540
-0.01517063 0.01066283 -0.99982806
-0.03705602 0.99925021 0.01121893
-0.99919803 -0.03721985 0.01476413
0.45624623 0.76109777 199.59954293
710.00000000 790.00000000 952.21338489 594.51822053
710.00000000 290.00000000 931.62643372 352.14044171
1210.00000000 290.00000000 966.54319471 883.40064974
1210.00000000 790.00000000 1120.39910835 645.62561659
1
1000 960 540
0.71243669 -0.00483580 -0.70171972
-0.01048198 0.99979136 -0.01753198
-0.70165810 -0.01984584 -0.71223736
0.71297174 -1.43315672 199.57588180
745.26276615 843.68430846 974.52010980 583.59740732
745.26276615 236.31569154 922.16525812 332.98143182
1110.22110482 327.55527621 927.10626713 874.58074797
1110.22110482 752.44472379 1087.32974405 628.42192627
2
1000 960 540
0.99856682 0.00067112 -0.05351492
-0.00056352 0.99999779 0.00202575
-0.05351616 0.00199269 -0.99856500
1.52434660 1.36533445 199.70034907
960.00000000 873.33333333 992.49775245 597.56508430
960.00000000 206.66666667 935.17411672 340.88181422
960.00000000 340.00000000 918.00702065 896.18622657
960.00000000 740.00000000 1008.55322863 632.90400054
